data <- c(79,49,48,34,81,98,87,80,
          80,84,90,70,91,93,82,78,
          70,71,92,38,56,81,74,73,
          68,72,85,51,65,93,83,86,
          80,35,83,73,74,43,86,88)

